---
build/android-icon-72x72.png: 2020-07-28 20:02:13.172408420 +03:00
build/android-icon-96x96.png: 2020-07-28 20:02:13.172408420 +03:00
build/apple-icon-72x72.png: 2020-07-28 20:02:13.172408420 +03:00
build/apple-icon-57x57.png: 2020-07-28 20:02:13.172408420 +03:00
build/favicon-96x96.png: 2020-07-28 20:02:13.172408420 +03:00
build/apple-icon-180x180.png: 2020-07-28 20:02:13.172408420 +03:00
build/android-icon-144x144.png: 2020-07-28 20:02:13.172408420 +03:00
build/assets/images/app.png: 2020-07-28 20:02:13.172408420 +03:00
build/assets/images/cover_1024.jpg: 2020-07-28 20:02:13.184408614 +03:00
build/assets/images/googleplay.png: 2020-07-28 20:02:13.172408420 +03:00
build/assets/images/app_2x.jpg: 2020-07-28 20:02:13.184408614 +03:00
build/assets/images/app_400w.png: 2020-07-28 20:02:13.172408420 +03:00
build/assets/images/cover.jpg: 2020-07-28 20:02:13.184408614 +03:00
build/assets/images/footer_logo.png: 2020-07-28 20:02:13.176408484 +03:00
build/assets/images/hero.jpg: 2020-07-28 20:02:13.184408614 +03:00
build/assets/images/appstore.png: 2020-07-28 20:02:13.176408484 +03:00
build/assets/images/app.jpg: 2020-07-28 20:02:13.184408614 +03:00
build/assets/images/hero_700.jpg: 2020-07-28 20:02:13.184408614 +03:00
build/assets/images/hero_1024.jpg: 2020-07-28 20:02:13.184408614 +03:00
build/assets/images/app_400w.jpg: 2020-07-28 20:02:13.184408614 +03:00
build/assets/images/cover_400.jpg: 2020-07-28 20:02:13.184408614 +03:00
build/assets/images/movement_400w.jpg: 2020-07-28 20:02:13.184408614 +03:00
build/assets/images/movement.jpg: 2020-07-28 20:02:13.184408614 +03:00
build/assets/images/app_2x.png: 2020-07-28 20:02:13.176408484 +03:00
build/assets/images/cover_700.jpg: 2020-07-28 20:02:13.184408614 +03:00
build/assets/images/hero_400.jpg: 2020-07-28 20:02:13.184408614 +03:00
build/assets/images/movement_700w.jpg: 2020-07-28 20:02:13.184408614 +03:00
build/ms-icon-310x310.png: 2020-07-28 20:02:13.176408484 +03:00
build/android-icon-192x192.png: 2020-07-28 20:02:13.176408484 +03:00
build/favicon-32x32.png: 2020-07-28 20:02:13.176408484 +03:00
build/ms-icon-70x70.png: 2020-07-28 20:02:13.176408484 +03:00
build/apple-icon-152x152.png: 2020-07-28 20:02:13.176408484 +03:00
build/apple-icon-76x76.png: 2020-07-28 20:02:13.176408484 +03:00
build/android-icon-48x48.png: 2020-07-28 20:02:13.176408484 +03:00
build/apple-icon-60x60.png: 2020-07-28 20:02:13.176408484 +03:00
build/apple-icon-144x144.png: 2020-07-28 20:02:13.180408549 +03:00
build/android-icon-36x36.png: 2020-07-28 20:02:13.180408549 +03:00
build/apple-icon-120x120.png: 2020-07-28 20:02:13.180408549 +03:00
build/apple-icon.png: 2020-07-28 20:02:13.180408549 +03:00
build/ms-icon-150x150.png: 2020-07-28 20:02:13.180408549 +03:00
build/favicon.png: 2020-07-28 20:02:13.180408549 +03:00
build/apple-icon-precomposed.png: 2020-07-28 20:02:13.180408549 +03:00
build/ms-icon-144x144.png: 2020-07-28 20:02:13.180408549 +03:00
build/favicon-16x16.png: 2020-07-28 20:02:13.180408549 +03:00
build/apple-icon-114x114.png: 2020-07-28 20:02:13.180408549 +03:00
